2 0.244271 0.328125 0.059375 0.093750
2 0.276042 0.383594 0.052083 0.070312
2 0.307292 0.720313 0.050000 0.090625
2 0.575000 0.781250 0.058333 0.106250
2 0.497917 0.110937 0.058333 0.084375
2 0.756250 0.115625 0.064583 0.090625
2 0.874479 0.773438 0.084375 0.109375
2 0.804688 0.409375 0.053125 0.112500
1 0.511979 0.672656 0.117708 0.114062
1 0.490625 0.321094 0.106250 0.089063
1 0.752083 0.346094 0.091667 0.098437
1 0.702083 0.050000 0.060417 0.062500
1 0.969792 0.336719 0.060417 0.135937
1 0.793229 0.652344 0.063542 0.107813
0 0.177083 0.413281 0.147917 0.085938
0 0.419792 0.460938 0.118750 0.125000
0 0.679688 0.460156 0.148958 0.101562
0 0.120833 0.777344 0.125000 0.148438
